[Projectile]
A=208
Z=82
q=80
Energy=200

[Target]
A=9.01
Z=4
Thick=100
Density=1.85
MinStep=10
MaxStep=500

[EnergyLoss]
EnergyL1=200
EnergyL2=188.2566788581277
dEdX1=23.89371977125549
dEdX2=24.74419175213851

[Options]
Version=3
ODE_Model=0
ibin=0
Ionization=0
Excitation=0
ShowInterm=1
EnergyLoss=1
UncertainAbs=1e-12
UncertainRel=1e-05
