[Projectile]
Z=82
Energy=200

[Target]
Z=4
Thickness=100
ThicknessAtom=6.682219675677982e+21

[InitFraction]
ZQ0=1
ZQ1=0
ZQ2=0

[CrossSections]
EIKO_1=0.736589682425053
EIKO_2=0.7225757528589798
REC_1=426.353220624892
REC_2=245.79224855004972
BORN_1=67.70285763778575
BORN_2=137.5001889197604
D_CAPT=0.0736589682425053
D_IONIS=6.770285763778576

[Equlibrium]
ZQ0=0.06411665042286807
ZQ1=0.34549818704996443
ZQ2=0.5903851625271676
EqThickM=433.6460634360825
EqThickA=2.897718257372893e+22
EqThick2_M=244.764261742315
EqThick2_A=1.6355685657172928e+22

[Calc_for_UserConditions]
ZQ0=0.12815089526690365
ZQ1=0.4280413429727542
ZQ2=0.4438077617603422

[Condition_ZQ0]
ZQ0=0.12815089526690365
ZQ1=0.4280413429727542
ZQ2=0.4438077617603422

[Condition_ZQ1]
ZQ0=0.07488022460871047
ZQ1=0.38417666190875926
ZQ2=0.5409431134825303

[Condition_ZQ2]
ZQ0=0.05086351136081777
ZQ1=0.3138989281275071
ZQ2=0.6352375605116752
